001_01.png	490.63	338.28	471.22	338.41	452.86	341.93	401.95	342.45	383.33	339.84	362.63	338.41												
001_02.png	493.49	332.94	479.30	333.33	455.86	340.23	404.69	340.11	391.02	334.50	364.58	335.81												
001_03.png	495.05	333.86	477.47	332.94	458.07	339.32	407.29	339.71	389.45	333.33	368.88	334.89												
001_04.png	493.62	334.25	472.66	332.42	456.38	338.80	405.08	340.11	385.03	334.11	367.84	336.46												
001_05.png	495.83	333.33	470.57	331.64	457.68	338.02	406.77	339.45	382.81	333.33	369.92	334.38												
001_06.png	496.22	336.20	474.48	335.29	458.46	339.45	407.81	340.89	386.46	336.72	369.79	336.20												
001_07.png	495.31	336.46	474.87	335.81	458.07	340.89	407.55	342.19	386.98	337.76	370.18	337.24												
001_08.png	496.22	337.11	479.43	336.98	459.64	341.54	408.98	342.32	390.89	337.89	370.96	337.89												
001_09.png	496.88	337.37	484.11	337.63	460.68	342.45	410.29	342.58	396.22	338.80	371.22	338.41												
001_10.png	497.79	340.23	483.20	341.02	461.07	343.75	410.55	343.36	395.44	341.93	371.75	341.41												
001_11.png	495.96	343.88	476.04	343.88	458.46	346.36	407.94	347.53	387.63	345.83	369.27	344.14												
001_12.png	498.70	343.88	474.87	342.97	460.29	346.09	409.77	347.27	386.98	344.92	371.61	342.71												
002_01.png	460.29	273.96	448.57	273.57	428.52	278.78	382.29	280.34	372.00	276.30	350.65	277.08												
002_02.png	458.20	272.79	446.61	273.18	427.34	278.13	381.12	279.56	370.31	276.04	349.61	276.43												
002_03.png	457.55	273.44	443.10	273.96	426.56	278.64	380.60	280.47	366.67	276.69	349.22	277.34												
002_04.png	455.47	274.48	438.54	274.61	424.22	279.56	378.13	280.86	362.37	277.47	347.66	277.86												
002_05.png	454.30	272.66	434.38	273.18	423.05	277.86	376.95	279.43	358.59	276.43	346.61	276.56												
002_06.png	453.13	274.87	433.20	275.26	421.48	278.39	375.52	280.60	357.55	278.39	345.96	279.04												
002_07.png	452.86	273.83	436.72	274.87	422.14	278.25	376.30	280.21	360.55	278.13	346.48	278.78												
002_08.png	454.04	274.61	440.11	275.13	423.44	278.52	377.34	280.47	363.80	278.25	347.14	279.30												
002_09.png	454.04	274.35	442.71	275.26	423.31	278.64	377.47	280.86	366.80	278.39	346.22	279.56												
002_10.png	452.08	277.34	439.32	279.69	420.70	280.99	375.00	283.33	363.93	283.07	345.05	283.46												
002_11.png	450.91	277.61	436.46	279.30	419.79	280.73	374.22	283.20	360.68	282.81	344.66	283.20												
002_12.png	449.61	277.73	432.81	278.91	418.10	280.86	372.66	283.20	357.16	282.81	343.10	283.33												
003_01.png	487.63	169.92	477.34	167.58	464.32	168.88	431.51	168.36	417.71	165.75	406.64	167.45												
003_02.png	491.54	168.75	482.94	167.45	467.58	168.75	435.16	167.45	423.70	164.58	409.64	166.14												
003_03.png	490.89	169.53	480.73	166.93	467.06	168.36	434.50	167.06	421.22	164.06	409.64	166.14												
003_04.png	490.11	170.18	478.91	167.19	466.67	168.62	435.03	167.19	419.53	164.19	409.38	166.41												
003_05.png	488.54	170.70	475.52	167.45	464.84	168.62	433.33	167.45	416.41	164.71	407.81	165.75												
003_06.png	487.89	171.75	474.61	169.01	464.32	168.88	432.16	167.84	415.63	166.28	407.03	167.71												
003_07.png	487.11	171.48	476.04	169.27	463.93	169.66	431.51	168.10	416.93	166.80	407.16	167.58												
003_08.png	486.98	171.61	476.82	169.53	462.89	169.92	430.34	168.62	417.32	166.80	405.99	168.49												
003_09.png	487.37	172.14	478.91	170.70	463.28	170.57	430.60	169.40	419.66	167.71	406.12	169.66												
003_10.png	487.11	174.48	478.00	173.05	463.02	171.75	430.60	170.70	418.88	170.31	406.38	171.48												
003_11.png	487.24	174.48	476.30	172.53	463.15	171.48	430.60	170.44	417.19	170.18	406.25	171.22												
003_12.png	485.29	174.09	473.83	172.14	462.50	171.09	429.17	170.31	414.84	170.18	405.34	170.96												
004_01.png	558.59	159.89	546.48	155.60	531.25	158.33	494.01	158.98	481.51	156.12	466.80	158.98												
004_02.png	548.57	186.98	536.20	182.94	517.45	186.46	476.04	188.93	463.93	185.81	445.18	188.80												
004_03.png	557.03	186.72	542.45	182.94	525.26	186.72	483.46	190.23	468.36	187.63	451.95	191.41												
004_04.png	564.58	186.33	547.53	183.33	532.81	186.85	491.14	189.71	473.57	186.72	459.64	189.97												
004_05.png	565.89	187.89	546.09	184.77	533.07	187.50	491.41	190.89	472.00	188.02	459.77	191.02												
004_06.png	564.06	188.54	545.44	185.81	531.90	188.02	490.36	191.54	471.22	189.84	459.38	192.58												
004_07.png	564.06	191.54	547.92	187.11	532.68	189.71	491.02	192.97	473.96	190.75	461.07	194.66												
004_08.png	564.32	189.45	550.13	186.98	533.20	189.71	491.41	192.97	476.04	191.28	460.03	193.88												
004_09.png	562.89	189.97	551.43	187.76	532.29	189.97	490.23	193.10	476.95	191.93	458.86	195.05												
004_10.png	564.97	192.71	552.47	191.02	534.64	192.19	492.58	194.92	478.25	194.27	461.72	196.75												
004_11.png	564.97	193.75	550.78	192.06	534.11	193.10	492.32	195.83	476.82	195.31	461.59	197.79												
004_12.png	566.02	194.01	550.13	191.54	535.03	192.71	493.10	195.83	475.78	195.05	462.76	197.14												
005_01.png	521.22	247.27	508.72	247.00	489.71	250.78	452.47	250.39	438.93	247.79	420.96	250.78												
005_02.png	538.15	253.25	524.35	252.21	506.77	256.64	469.14	255.60	454.30	252.47	436.85	254.43												
005_03.png	532.94	256.25	517.06	255.47	501.04	259.64	463.80	258.46	446.36	254.95	430.60	256.64												
005_04.png	524.09	260.16	505.34	257.94	490.36	261.59	453.13	259.77	434.25	255.99	420.05	257.55												
005_05.png	518.10	260.42	497.14	258.07	484.64	261.33	447.00	259.64	425.65	255.08	413.80	256.51												
005_06.png	517.97	262.24	497.92	260.29	484.77	262.63	447.53	260.81	426.30	258.33	414.45	259.11												
005_07.png	519.79	262.50	502.61	261.20	487.24	263.15	449.87	261.07	431.38	258.07	417.71	259.11												
005_08.png	522.00	262.37	507.03	261.59	489.58	264.06	451.95	261.33	435.42	259.11	419.66	260.16												
005_09.png	525.91	261.85	514.06	261.20	493.49	263.41	455.60	260.42	442.58	257.81	423.83	260.03												
005_10.png	528.64	263.80	515.50	264.19	496.88	264.58	458.86	261.85	444.79	261.33	424.87	261.46												
005_11.png	528.91	263.93	513.54	263.80	496.22	264.32	458.46	261.72	442.32	260.81	424.22	261.33												
005_12.png	527.34	264.58	509.50	263.41	494.27	264.71	456.51	262.76	438.67	261.59	422.39	261.07												
006_01.png	471.75	176.04	459.50	174.22	443.75	177.21	408.20	179.69	394.92	178.00	380.08	179.95												
006_02.png	474.48	174.48	463.15	173.05	447.00	175.91	411.98	177.61	398.83	175.52	382.81	177.86												
006_03.png	472.00	174.87	459.77	172.53	444.53	175.26	409.11	176.95	395.18	174.48	381.25	176.69												
006_04.png	471.36	172.66	457.55	170.44	443.75	173.57	408.59	174.35	393.36	172.14	380.86	174.09												
006_05.png	469.27	172.14	453.78	170.18	441.67	172.66	406.64	174.48	389.32	171.88	378.78	173.83												
006_06.png	467.45	172.53	452.86	170.57	440.63	172.27	405.34	173.83	388.41	172.79	378.52	174.09												
006_07.png	466.41	171.75	453.13	170.05	439.45	171.48	404.30	173.83	389.06	172.79	376.82	174.48												
006_08.png	467.45	171.48	455.73	169.79	440.50	171.36	405.99	173.05	391.41	172.27	377.61	173.83												
006_09.png	468.75	170.31	457.55	169.27	441.02	170.96	406.25	172.79	393.75	171.36	377.34	173.31												
006_10.png	469.01	170.96	458.07	170.70	441.80	170.70	407.42	172.39	394.66	172.14	378.39	173.05												
006_11.png	469.14	170.96	456.38	170.31	441.41	170.57	406.77	172.14	392.58	172.53	377.86	173.31												
006_12.png	467.19	171.48	453.52	169.79	439.71	170.57	404.95	172.53	389.97	173.31	376.04	174.09												
007_01.png	488.41	182.03	476.69	180.73	461.85	181.77	427.34	182.94	413.93	182.03	400.39	183.72												
007_02.png	492.19	181.51	481.12	179.17	464.58	182.03	429.82	182.81	418.10	180.47	402.08	182.94												
007_03.png	491.28	181.77	479.17	179.82	464.06	182.29	429.69	183.33	416.02	180.60	401.82	182.94												
007_04.png	492.58	182.55	478.91	180.73	465.36	183.07	431.12	183.72	415.75	181.38	403.00	183.46												
007_05.png	493.49	182.94	476.95	180.99	465.23	183.07	430.99	183.46	414.06	181.12	403.25	182.68												
007_06.png	492.84	184.25	476.95	182.55	464.84	183.86	431.12	184.64	413.93	183.07	403.64	184.50												
007_07.png	493.23	185.03	479.95	183.33	465.89	184.50	431.90	184.89	416.67	183.46	403.91	185.03												
007_08.png	495.31	185.55	483.46	184.25	467.97	185.55	433.72	185.81	419.92	183.86	405.99	185.29												
007_09.png	499.35	186.72	489.06	184.77	472.92	186.20	437.50	186.07	425.91	184.38	409.89	185.94												
007_10.png	499.74	188.15	489.97	186.98	473.70	186.85	439.32	187.11	426.95	185.81	410.94	186.72												
007_11.png	499.74	189.19	487.89	187.76	473.31	188.02	438.54	187.76	424.74	186.72	410.55	187.50												
007_12.png	499.61	189.58	485.29	187.63	472.27	188.15	437.63	187.89	422.14	186.98	409.50	188.02												
008_01.png	528.13	237.76	514.97	238.28	497.39	238.67	452.86	237.63	437.63	237.63	420.57	237.11												
008_02.png	528.39	233.59	515.89	232.68	496.61	236.72	452.08	236.33	438.41	233.07	418.75	235.16												
008_03.png	527.61	234.77	512.24	233.46	495.83	237.50	451.04	237.11	434.77	233.86	418.10	235.29												
008_04.png	528.25	234.89	509.64	233.98	496.09	237.37	451.17	237.76	432.55	234.25	418.49	235.68												
008_05.png	527.61	235.55	506.25	234.64	494.92	238.02	450.13	238.67	428.91	234.77	417.58	235.81												
008_06.png	526.69	236.98	506.12	236.85	494.92	238.67	450.52	239.19	428.64	236.98	417.71	237.37												
008_07.png	527.08	238.02	509.64	237.63	494.92	239.84	450.78	240.36	431.77	238.15	418.10	238.93												
008_08.png	526.69	238.41	511.98	238.02	495.18	239.97	450.39	240.11	434.38	238.41	418.10	239.19												
008_09.png	526.69	238.28	515.11	238.67	495.44	241.02	451.04	241.28	437.24	239.32	418.10	240.36												
008_10.png	525.52	239.58	513.15	240.50	494.66	241.28	450.26	241.41	436.33	241.54	417.32	241.41												
008_11.png	525.65	240.11	510.94	240.75	494.40	241.41	449.87	241.80	433.20	241.28	417.71	241.02												
008_12.png	524.09	241.41	507.03	241.28	492.84	242.19	448.18	242.71	429.43	242.19	416.02	242.06												
104_01.png	0	0	98	125	0	0	0	0	163	127	0	0
105_01.png	0	0	123	126	0	0	0	0	169	122	0	0
106_01.png	0	0	138	95	0	0	0	0	192	113	0	0
107_01.png	0	0	113	126	0	0	0	0	165	125	0	0
108_01.png	0	0	69	115	0	0	0	0	121	114	0	0
109_01.png	0	0	119	74	0	0	0	0	143	72	0	0
110_01.png	0	0	107	102	0	0	0	0	164	95	0	0
111_01.png	0	0	79	119	0	0	0	0	97	116	0	0
112_01.png	0	0	125	78	0	0	0	0	159	79	0	0
113_01.png	0	0	99	123	0	0	0	0	148	122	0	0
114_01.png	0	0	105	136	0	0	0	0	161	128	0	0
115_01.png	0	0	126	78	0	0	0	0	163	89	0	0
116_01.png	0	0	92	122	0	0	0	0	138	114	0	0	
117_01.png	0	0	117	100	0	0	0	0	161	98	0	0
118_01.png	0	0	82	77	0	0	0	0	135	89	0	0
119_01.png	0	0	91	121	0	0	0	0	130	113	0	0
120_01.png	0	0	90	126	0	0	0	0	149	113	0	0
121_01.png	0	0	168	113	0	0	0	0	218	105	0	0
122_01.png	0	0	115	101	0	0	0	0	164	92	0	0
123_01.png	0	0	50	156	0	0	0	0	164	115	0	0
124_01.png	0	0	121	123	0	0	0	0	173	124	0	0
125_01.png	0	0	115	111	0	0	0	0	157	112	0	0
126_01.png	0	0	140	58	0	0	0	0	166	64	0	0
127_01.png	0	0	123	85	0	0	0	0	158	83	0	0
128_01.png	0	0	107	115	0	0	0	0	175	118	0	0
129_01.png	0	0	129	54	0	0	0	0	154	54	0	0
130_01.png	0	0	108	121	0	0	0	0	165	120	0	0
131_01.png	0	0	131	100	0	0	0	0	180	100	0	0
132_01.png	0	0	134	121	0	0	0	0	188	116	0	0
133_01.png	0	0	123	154	0	0	0	0	193	149	0	0
134_01.png	0	0	109	105	0	0	0	0	174	102	0	0
135_01.png	0	0	130	90	0	0	0	0	187	110	0	0
136_01.png	0	0	103	155	0	0	0	0	160	157	0	0
137_01.png	0	0	117	103	0	0	0	0	174	101	0	0
138_01.png	0	0	171	53	0	0	0	0	211	49	0	0
139_01.png	0	0	133	53	0	0	0	0	167	50	0	0
140_01.png	0	0	76	92	0	0	0	0	138	86	0	0
141_01.png	0	0	137	116	0	0	0	0	195	113	0	0
142_01.png	0	0	114	77	0	0	0	0	149	77	0	0
143_01.png	0	0	169	89	0	0	0	0	201	86	0	0
144_01.png	0	0	123	49	0	0	0	0	142	47	0	0
145_01.png	0	0	110	126	0	0	0	0	180	125	0	0
146_01.png	0	0	113	113	0	0	0	0	166	115	0	0
147_01.png	0	0	139	52	0	0	0	0	160	52	0	0
148_01.jpg	0	0	479	231	0	0	0	0	575	232	0	0
149_01.jpg	0	0	418	313	0	0	0	0	517	239	0	0
150_01.jpg	0	0	457	191	0	0	0	0	552	190	0	0
151_01.jpg	0	0	269	172	0	0	0	0	386	210	0	0
152_01.jpg	0	0	471	225	0	0	0	0	559	212	0	0
153_01.jpg	0	0	543	152	0	0	0	0	613	147	0	0
154_01.jpg	0	0	287	446	0	0	0	0	477	447	0	0
156_01.jpg	0	0	1041	970	0	0	0	0	1325	980	0	0
157_01.jpg	0	0	1163	1181	0	0	0	0	1557	1174	0	0
158_01.jpg	0	0	989	555	0	0	0	0	1165	547	0	0
159_01.jpg	0	0	896	381	0	0	0	0	1069	379	0	0
160_01.png	0	0	491	277	0	0	0	0	610	289	0	0
161_01.jpeg	0	0	332	146	0	0	0	0	410	143	0	0
162_01.jpg	0	0	385	256	0	0	0	0	515	262	0	0
163_01.jpg	0	0	387	522	0	0	0	0	472	521	0	0
164_01.jpg	0	0	849	710	0	0	0	0	1102	709	0	0
165_01.jpg	0	0	237	166	0	0	0	0	306	167	0	0
166_01.jpg	0	0	299	144	0	0	0	0	363	143	0	0
167_01.jpg	0	0	282	197	0	0	0	0	351	200	0	0
168_01.jpg	0	0	374	198	0	0	0	0	437	179	0	0
169_01.jpg	0	0	297	336	0	0	0	0	363	332	0	0
170_01.jpg	0	0	457	120	0	0	0	0	501	124	0	0
171_01.jpg	0	0	280	176	0	0	0	0	358	189	0	0
172_01.jpg	0	0	277	149	0	0	0	0	333	137	0	0